218862836
218862837
218862839
218862841
218862843
218862845
218862847
218862849
218862851
218862853
218862855
218862857
218862859
218862861
218862863
218862869
218862871
218862873
218862875
218862876
218862877
218862878
218862879
218862880
218862881
218862882
218862883
218862884
218862885
218862886
218862887
218862888
218862889
218862890
218862891
218862892
218862893
218862894
218862895
218862896
218862897
218862898
218862899
218862900
218862901
218862902
218862903
218862904
218862905
218862906
218862907
218862908
218862909
218862910
218862911
218862912
218862913
218862914
218862915
218862916
218862917
218862918
218862919
218862920
218862921
218862922
218862923
218862924
218862925
218862926
218862927
218862928
218862929
218862931
218862933
218862935
218862937
218862938
218862940
218862942
218862943
218862944
218862945
218862946
218862947
218862949
218862951
218862952
218862953
218862954
218862955
218862956
218862957
218862958
218862960
218862962
218862963
218862964
218862965
218862966
218862968
218862970
218862971
218862972
218862973
218862974
218862975
218862976
218862977
218862978
218862979
218862980
218862981
218862982
218862983
218862984
218862985
218862986
218862987
218862988
218862989
218862990
218862991
218862992
218862993
218862994
218862995
218862996
218862997
218862998
218862999
218863000
218863001
218863002
218863003
218863004
218863005
218863006
218863007
218863008
218863009
218863010
218863011
218863012
218863013
218863014
218863015
218863016
218863017
218863018
218863019
218863020
218863021
218863022
218863023
218863024
218863025
218863026
218863027
218863028
218863029
218863030
218863031
218863032
218863033
218863034
218863035
218863036
218863037
218863038
218863039
218863040
218863041
218863042
218863043
218863044
218863045
218863047
218863048
218863049
218863050
218863051
218863052
218863053
218863054
218863055
218863056
218863057
218863058
218863059
218863060
218863061
218863062
218863063
218863064
218863065
218863066
218863067
218863068
218863069
218863070
218863071
218863072
218863073
218863074
218863075
218863076
218863077
218863078
218863079
218863080
218863081
218863082
218863083
218863084
218863085
218863086
218863087
218863088
218863089
218863090
218863091
218863092
218863093
218863094
218863095
218863096
218863097
218863098
218863099
218863100
218863101
218863102
218863103
218863104
218863105
218863106
218863107
218863108
218863109
218863110
218863111
218863112
218863113
218863114
218863115
218863116
218863117
218863118
218863119
218863120
218863121
218863122
218863123
218863124
218863125
218863127
218863128
218863129
218863130
218863131
218863132
218863133
218863134
218863135
218863136
218863137
218863138
218863139
218863140
218863141
218863142
218863143
218863144
218863145
218863146
218863147
218863148
218863149
218863150
218863151
218863152
218863153
218863154
218863155
218863156
218863157
218863158
218863159
218863160
218863161
218863162
218863163
218863164
218863165
218863166
218863167
218863168
218863169
218863170
218863171
218863172
218863173
218863174
218863175
218863176
218863177
218863178
218863179
218863180
218863181
218863182
218863183
218863184
218863185
218863186
218863187
218863188
218863189
218863190
218863191
218863192
218863193
218863194
218863195
218863196
218863197
218863198
218863199
218863200
218863201
218863202
218863203
218863204
218863205
218863206
218863207
218863209
218863210
218863211
218863212
218863213
218863214
218863215
218863216
218863217
218863218
218863219
218863220
218863221
218863222
218863223
218863224
218863225
218863226
218863227
218863228
218863229
218863230
218863231
218863232
218863233
218863234
218863235
218863236
218863237
218863238
218863239
218863240
218863241
218863242
218863243
218863244
218863245
218863246
218863247
218863248
218863249
218863250
218863251
218863252
218863253
218863254
218863255
218863256
218863257
218863258
218863259
218863260
218863261
218863262
218863263
218863264
218863265
218863266
218863267
218863268
218863269
218863270
218863271
218863272
218863273
218863274
218863275
218863276
218863277
218863278
218863279
218863280
218863281
218863282
218863283
218863284
218863285
218863286
218863287
218863288
218863289
218863290
218863291
218863292
218863293
218863294
218863295
218863296
218863297
218863298
218863299
218863300
218863301
218863302
218863303
218863304
218863305
218863306
218863307
218863308
218863309
218863310
218863311
218863312
218863313
218863314
218863315
218863316
218863317
218863318
218863319
218863320
218863321
218863322
218863323
218863324
218863325
218863326
218863327
218863328
218863329
218863330
218863331
218863332
218863333
218863334
218863335
218863336
218863337
218863338
218863339
218863340
218863342
218863343
218863344
218863345
218863346
218863347
218863348
218863349
218863350
218863351
218863352
218863353
218863354
218863355
218863356
218863357
218863358
218863359
218863360
218863361
218863362
218863363
218863364
218863365
218863366
218863367
218863368
218863369
218863370
218863371
218863372
218863373
218863374
218863375
218863376
218863377
218863378
218863379
218863380
218863381
218863382
218863383
218863384
218863385
218863386
218863387
218863388
218863389
218863390
218863391
218863392
218863393
218863394
218863395
218863396
218863397
218863398
218863399
218863400
218863401
218863402
218863403
218863404
218863405
218863406
218863407
218863408
218863409
218863410
218863411
218863412
218863413
218863414
218863415
218863416
218863417
218863418
218863419
218863420
218863421
218863422
218863423
218863424
218863425
218863426
218863427
218863428
218863429
218863430
218863431
218863432
218863433
218863434
218863435
218863436
218863437
218863438
218863439
218863440
218863441
218863442
218863443
218863444
218863445
218863446
218863447
218863448
218863449
218863450
218863451
218863452
218863453
218863454
218863455
218863456
218863457
218863458
218863459
218863460
218863461
218863462
218863463
218863464
218863465
218863466
218863467
218863468
218863469
218863470
218863471
218863472
218863473
218863474
218863475
218863476
218863477
218863478
218863479
218863480
218863481
218863482
218863483
218863484
218863485
218863486
218863487
218863490
218863492
218863494
218863496
218863498
218863500
218863502
218863504
218863506
218863508
218863510
218863512
218863513
218863519
218863521
218863523
218863524
218863525
218863526
218863527
218863528
218863529
218863530
218863531
218863532
218863533
218863534
218863535
218863536
218863537
218863538
218863539
218863540
218863541
218863542
218863543
218863544
218863545
218863546
218863547
218863548
218863549
218863550
218863551
218863552
218863553
218863554
218863555
218863556
218863557
218863558
218863559
218863560
218863561
218863562
218863563
218863564
218863565
218863566
218863567
218863568
218863569
218863570
218863571
218863572
218863573
218863574
218863575
218863576
218863577
218863578
218863579
218863580
218863581
218863582
218863583
218863584
218863585
218863586
218863587
218863588
218863589
218863590
218863591
218863592
218863593
218863594
218863595
218863596
218863597
218863598
218863599
218863600
218863601
218863602
218863603
218863604
218863605
218863606
218863607
218863608
218863609
218863610
218863611
218863612
218863613
218863614
218863615
218863616
218863617
218863618
218863619
218863620
218863621
218863622
218863623
218863624
218863625
218863626
218863627
285293037
285293038
