222193976
222193978
222193980
222193983
222193984
222193986
222193987
222193988
222193989
222193990
222193991
222193993
222193994
222193996
222193997
222193998
222193999
222194000
222194001
222194002
222194003
222194004
222194005
222194006
222194007
222194008
222194009
222194010
222194011
222194012
222194013
222194014
222194015
222194016
222194017
222194018
222194019
222194020
222194021
222194022
222194023
222194024
222194025
222194026
222194027
222194028
222194029
222194030
222194031
222194032
222194033
222194034
222194035
222194036
222194037
222194038
222194039
222194040
222194041
222194042
222194043
222194044
222194045
222194046
222194047
222194048
222194049
222194050
222194051
222194052
222194053
222194054
222194055
222194056
222194057
222194058
222194059
222194060
222194061
222194062
222194063
222194065
222194067
222194068
222194070
222194072
222194073
222194075
222194076
222194077
222194078
222194079
222194080
222194081
222194082
222194083
222194084
222194086
222194087
222194088
222194089
222194090
222194091
222194092
222194093
222194094
222194095
222194096
222194097
222194098
222194099
222194100
222194101
222194102
222194103
222194104
222194105
222194106
222194107
222194108
222194109
222194110
222194111
222194112
222194113
222194114
222194115
222194116
222194117
222194118
222194119
222194120
222194121
222194122
222194123
222194124
222194125
222194126
222194127
222194128
222194129
222194130
222194131
222194132
222194133
222194134
222194135
222194136
222194137
222194138
222194139
222194140
222194141
222194142
222194144
222194146
222194147
222194149
222194151
222194152
222194154
222194155
222194156
222194157
222194158
222194159
222194160
222194161
222194162
222194163
222194164
222194165
222194166
222194167
222194168
222194169
222194170
222194171
222194172
222194173
222194174
222194175
222194176
222194177
222194178
222194179
222194180
222194181
222194182
222194183
222194184
222194185
222194186
222194187
222194188
222194189
222194190
222194191
222194192
222194193
222194194
222194195
222194196
222194197
222194198
222194199
222194200
222194201
222194202
222194203
222194204
222194205
222194206
222194207
222194208
222194209
222194210
222194211
222194212
222194213
222194214
222194215
222194216
222194217
222194218
222194219
222194221
222194222
222194224
222194225
222194227
222194229
222194230
222194232
222194233
222194234
222194235
222194236
222194237
222194238
222194239
222194240
222194241
222194242
222194243
222194244
222194245
222194246
222194247
222194248
222194249
222194250
222194251
222194252
222194253
222194254
222194255
222194256
222194257
222194258
222194259
222194260
222194262
222194263
222194264
222194265
222194266
222194267
222194268
222194269
222194270
222194271
222194272
222194273
222194274
222194275
222194276
222194277
222194278
222194279
222194280
222194281
222194282
222194283
222194284
222194285
222194287
222194289
222194290
222194291
222194292
222194293
222194294
222194295
222194296
222194297
222194298
222194299
222194300
222194301
222194302
222194303
222194304
222194305
222194306
222194307
222194308
222194309
222194310
222194311
222194312
222194313
222194314
222194315
222194316
222194317
222194318
222194319
222194320
222194321
222194322
222194323
222194324
222194325
222194326
222194327
222194328
222194329
222194330
222194331
222194332
222194333
222194334
222194335
222194336
222194337
222194338
222194339
222194340
222194341
222194342
222194343
222194344
222194345
222194346
222194347
222194348
222194349
222194350
222194351
222194352
222194353
222194355
222194356
222194357
222194358
222194359
222194360
222194361
222194362
222194363
222194364
222194365
222194366
222194367
222194368
222194369
222194370
222194371
222194372
222194373
222194374
222194375
222194376
222194377
222194378
222194379
222194380
222194381
222194382
222194383
222194384
222194385
222194386
222194387
222194388
222194389
222194390
222194391
222194392
222194393
222194394
222194395
222194396
222194397
222194398
222194399
222194400
222194401
222194402
222194403
222194404
222194405
222194406
222194407
222194408
222194410
222194411
222194412
222194413
222194414
222194415
222194416
222194417
222194418
222194419
222194420
222194421
222194422
222194423
222194424
222194425
222194426
222194427
222194428
222194429
222194431
222194432
222194433
222194434
222194435
222194436
222194437
222194438
222194439
222194440
222194441
222194442
222194443
222194444
222194445
222194446
222194447
222194448
222194449
222194450
222194451
222194452
222194453
222194454
222194455
222194456
222194457
222194458
222194459
222194460
222194461
222194462
222194463
222194464
222194465
222194466
222194467
222194468
222194469
222194470
222194471
222194472
222194473
222194474
222194475
222194476
222194477
222194478
222194479
222194480
222194481
222194482
222194483
222194484
222194485
222194486
222194487
222194488
222194489
222194490
222194491
222194492
222194493
222194494
222194495
222194496
222194497
222194498
222194499
222194500
222194501
222194502
222194503
222194504
222194505
222194506
222194507
222194508
222194509
222194510
222194511
222194512
222194513
222194514
222194515
222194516
222194517
222194518
222194519
222194520
222194521
222194523
222194524
222194525
222194526
222194527
222194528
222194529
222194531
222194532
222194533
222194534
222194535
222194536
222194537
222194538
222194539
222194540
222194541
222194542
222194543
222194544
222194545
222194547
222194548
222194549
222194550
222194551
222194552
222194553
222194554
222194555
222194556
222194558
222194559
222194560
222194561
222194562
222194563
222194564
222194565
222194567
222194569
222194570
222194571
222194573
222194575
222194576
222194577
222194579
222194580
222194581
222194582
222194583
222194584
222194585
222194587
222194588
222194589
222194590
222194592
222194593
222194594
222194595
222194596
222194597
222194598
222194599
222194600
222194601
222194602
222194603
222194604
222194605
222194606
222194607
222194608
222194609
222194610
222194612
222194613
222194614
222194615
222194617
222194618
222194619
222194620
222194621
222194622
222194623
222194624
222194625
222194626
222194627
222194628
222194629
222194630
222194631
222194632
222194633
222194634
222194635
222194636
222194637
222194638
222194639
222194640
222194641
222194642
222194643
222194644
222194645
222194646
222194647
222194648
222194649
222194650
222194651
222194652
222194653
222194654
222194655
222194656
222194657
222194658
222194659
222194660
222194661
222194662
222194663
222194664
222194665
222194666
222194667
222194668
222194669
222194670
222194671
222194672
222194673
222194674
222194675
222194676
222194677
222194678
222194679
222194680
222194681
222194682
222194683
222194684
222194686
222194687
222195977
331024931
331024932
331024933
