-2628390
-2628389
136263283
136263286
195269440
195269441
195269442
195269443
195269444
195269445
195269446
195269447
195269448
195269449
195269450
195269451
195269452
195269453
195269454
195269455
195269456
195269457
195269463
195269464
195271211
195271213
195271214
195271215
195271216
195271218
195271219
195271220
195271221
195271222
195271223
195271224
195271225
195271226
195271227
195271228
195271229
195271230
195271231
195271232
195271233
209721978
209721980
209721981
217906822
222196624
222196625
222196626
222196627
222196628
222196629
222196630
222196631
222196632
222196633
222196634
222196635
222196636
222196637
222196638
222196639
222196640
222196641
222196642
222196643
222196644
222196645
222196646
222196647
222196648
222196649
222196650
222196651
222196652
222196653
222196654
222196655
222196656
222196657
222196658
222196659
222196660
222196661
222196662
222196663
222196664
222196665
222196666
222196667
222196668
222196669
222196670
222196671
222196672
222196673
222196674
222196675
222196676
222196677
222196678
222196679
222196680
222196681
222196682
222196683
222196684
222196685
222196686
222196687
222196688
222196689
222196690
222196691
222196692
222196693
222196694
222196695
222196696
222196697
222196698
222196699
222196700
222196701
222196702
222196703
222196704
222196705
222196706
222196707
222196708
222196709
222196710
222196711
222196712
222196713
222196714
222196715
222196716
222196717
222196718
222196719
222196720
222196721
222196722
222196723
222196724
222196725
222196726
222196727
222196728
222196729
222196730
222196731
222196732
222196733
222196734
222196735
222196736
222196738
222196739
222196740
222196741
222196742
222196743
222196744
222196745
222196746
222196747
222196748
222196749
222196750
222196751
222196752
222196753
222196754
222196755
222196756
222196757
222196758
222196759
222196760
222196761
222196762
222196763
222196764
222196765
222196766
222196767
222196768
222196769
222196770
222196771
222196772
222196773
222196774
222196775
222196776
222196777
222196778
222196779
222196780
222196781
222196782
222196783
222196784
222196785
222196786
222196787
222196788
222196789
222196790
222196791
222196792
222196793
222196794
222196795
222196796
222196799
222196800
222196801
222196802
222196803
222196805
222196806
222196807
222196809
222196810
222196812
222196813
222196814
222196815
222196816
222196817
222196818
222196819
222196820
222196821
222196822
222196823
222196825
222196826
222196827
222196828
222196829
222196830
222196831
222196832
222196833
222196834
222196835
222196836
222196837
222196838
222196840
222196841
222196842
222196843
222196844
222196845
222196846
222196847
222196848
222196849
222196850
222196851
222196852
222196853
222196854
222196855
222196856
222196857
222196858
222196859
222196860
222196861
222196862
222196863
222196864
222196865
222196866
222196867
222196868
222196869
222196870
222196871
222196872
222196873
222196874
222196875
222196876
222196877
222196878
222196879
222196880
222196881
222196882
222196883
222196884
222196885
222196887
222196888
222196889
222196890
222196891
222196892
222196893
222196894
222196895
222196896
222196897
222196898
222196899
222196900
222196901
222196902
222196903
222196904
222196905
222196906
222196907
222196908
222196909
222196910
222196911
222196912
222196913
222196914
222196915
222196916
222196917
222196918
222196919
222196920
222196921
222196922
222196923
222196924
222196925
222196926
222196927
222196928
222196929
222196930
222196931
222196932
222196933
222196934
222196935
222196936
222196937
222196938
222196939
222196940
222196941
222196942
222196943
222196944
222196945
222196946
222196947
222196948
222196949
222196950
222196951
222196952
222196953
222196954
222196955
222196956
222196957
222196958
222196959
222196960
222196961
222196962
222196963
222196964
222196965
222196966
222196967
222196968
222196969
222196970
222196971
222196972
222196973
222196974
222196975
222196976
222196977
222196978
222196979
222196980
222196981
222196982
222196983
222196984
222196985
222196986
222196987
222196988
222196989
222196990
222196991
222196992
222196993
222196994
222196995
222196996
222196997
222196998
222196999
222197000
222197001
222197002
222197003
222197004
222197005
222197006
222197007
222197008
222197009
222197010
222197011
222197012
222197013
222197014
222197015
222197016
222197017
222197018
222197019
222197020
222197021
222197022
222197023
222197024
222197025
222197026
222197027
222197028
222197029
222197030
222197031
222197032
222197033
222197034
222197035
222197036
222197037
222197038
222197039
222197040
222197041
222197042
222197043
222197044
222197045
222197046
222197047
222197048
222197049
222197050
222197051
222197052
222197053
222197054
222197055
222197056
222197057
222197058
222197059
222197060
222197061
222197062
222197063
222197064
222197065
222197066
222197067
222197068
222197069
222197070
222197071
222197072
222197073
222197074
222197075
222197076
222197077
222197078
222197079
222197080
222197081
222197082
222197083
222197084
222197085
222197086
222197087
222197088
222197089
222197090
222197091
222197092
222197093
222197094
222197095
222197096
222197097
222197098
222197099
222197100
222197101
222197102
222197103
222197104
222197105
222197106
222197107
222197108
222197109
222197110
222197111
222197112
222197113
222197114
222197115
222197116
222197117
222197118
222197119
222197120
222197121
222197122
222197123
222197124
222197125
222197126
222197127
222197128
222197129
222197130
222197131
222197132
222197133
222197134
222197135
222197136
222197137
222197138
222197139
222197140
222197141
222197142
222197143
222197144
222197145
222197146
222197147
222197148
222197149
222197150
222197151
222197152
222197153
222197154
222197155
222197156
222197157
222197158
222197159
222197160
222197161
222197162
222197163
222197164
222197165
222197166
222197167
222197168
222197169
222197170
222197171
222197172
222197173
222197174
222197175
222197176
222197177
222197178
222197179
222197180
222197181
222197182
222197183
222197184
222197185
222197186
222197187
222197188
222197189
222197190
222197191
222197192
222197193
222197194
222197195
222197196
222197197
222197198
222197199
222197200
222197201
222197202
222197203
222197204
222197205
222197206
222197207
222197208
222197209
222197210
222197211
222197212
222197213
222197214
222197215
222197216
222197217
222197218
222197219
222197220
222197221
222197222
222197223
222197224
222197225
222197226
222197227
222197228
222197229
222197230
222197231
222197232
222197233
222197234
222197235
222197236
222197237
222197238
222197239
222197240
222197241
222197242
222197243
222197244
222197245
222197246
222197247
222197248
222197249
222197250
222197251
222197252
222197253
222197254
222197255
222197256
222197257
222197258
222197259
222197260
222197261
222197262
222197263
222197264
222197265
222197266
222197267
222197268
222197269
222197270
222197271
222197272
222197273
222197274
222197275
222197276
222197277
222197278
222197279
222197280
222197281
222197282
222197283
222197284
222197285
222197286
222197287
222197288
222197289
222197290
222197291
222197292
222197293
222197294
222197295
222197296
222197297
222197298
222197299
222197300
222197301
222197302
222197303
222197304
222197305
222197306
222197307
222197308
222197309
222197310
222197311
222197312
222197313
222197314
222197315
222197316
222197317
222197318
222197319
222197320
222197321
222197322
222197323
222197324
222197325
222197326
222197327
222197328
222197329
222197330
222197331
222197332
222197333
222197334
222197335
222197336
222197337
222197338
222197339
222197340
222197341
222197342
222197343
222197344
222197345
222197346
222197347
222197348
222197349
222197350
222197351
222197352
222197353
222197354
222197355
222197356
222197357
222197358
222197359
222197360
222197361
222197362
222197363
222197364
222197365
222197366
222197367
222197368
222197369
222197370
222197371
222197372
222197373
222197374
222197375
222197376
222197377
222197378
222197379
222197380
222197381
222197382
222197383
222197384
222197385
222197386
222197387
222197388
222197389
222197390
222197391
222197392
222197393
222197394
222197395
222197396
222197397
222197398
222197399
222197400
222197401
222197402
222197403
222197404
222197405
222197406
222197407
222197408
222197409
222197411
222197413
222197415
222197416
222197418
222197420
222197422
222197423
222197424
222197426
222197428
222197430
222197432
222197434
222197436
222197437
222197438
222197439
222197440
222197441
222197442
222197443
222197444
222197445
222197446
222197447
222197448
222197449
222197450
222197451
222197452
222197453
222197454
222197455
222197456
222197457
222197458
222197459
222197460
222197461
222197462
222197463
222197464
222197465
222197466
222197467
222197468
222197469
222197470
222197471
222197472
222197473
222197474
222197475
222197476
222197477
222197478
222197479
222197480
222197481
222197482
222197483
222197484
222197485
222197486
222197487
222197488
222197489
222197490
222197491
222197492
222197493
222197494
222197496
222197497
222197498
222197499
222197500
222197501
222197502
222197503
222197504
222197505
222197506
222197507
222197508
222197509
222197510
222197511
222197512
222197513
222197514
222197515
222197516
222197517
222197518
222197519
222197520
222197521
222197522
222197523
222197524
222197525
222197526
222197527
222197528
222197529
222197530
222197531
222197532
222197533
222197534
222197535
222197536
222197537
222197538
222197539
222197540
222197541
222197542
222197543
222197544
222197545
222197546
222197547
222197548
222197549
222197550
222197551
222197552
222197553
222197554
222197555
222197556
222197557
222197558
222197559
222197560
222197561
222197562
222197563
222197564
222197565
222197566
222197567
222197568
222197569
222197570
222197571
222197572
222197573
222197574
222197575
222197576
222197577
222197578
222197579
222197580
222197581
222197582
222197583
222197584
222197585
222197586
222197587
222197588
222197589
222197590
222197591
222197592
222197593
222197594
222197595
222197596
222197597
222197598
222197599
222197600
222197601
222197602
222197603
222197604
222197605
222197606
222197607
222197608
222197609
222197610
222197611
222197612
222197613
222197614
222197615
222197616
222197617
222197618
222197619
222197620
222197621
222197622
222197623
222197624
222197625
222197626
222197627
222197628
222197629
222197630
222197631
222197632
222197633
222197634
222197635
222197636
222197637
222197638
222197639
222197640
222197641
222197642
222197643
222197644
222197645
222197646
222197647
222197648
222197649
222197650
222197651
222197652
222197653
222197654
222197655
222197656
222197657
222197658
222197659
222197660
222197661
222197662
222197663
222197664
222197665
222197666
222197667
222197668
222197669
222197670
222197671
222197672
222197673
222197674
222197675
222197676
222197677
222197678
222197679
222197680
222197681
222197682
222197683
222197684
222197685
222197686
222197687
222197688
222197689
222197690
222197691
222197692
222197693
222197694
222197695
222197696
222197697
222197698
222197699
222197700
222197701
222197702
222197703
222197704
222197705
222197706
222197707
222197708
222197709
222197710
222197711
222197712
222197713
222197714
222197715
222197716
222197717
222197718
222197719
222197720
222197721
222197722
222197723
222197724
222197725
222197726
222197727
222197728
222197729
222197730
222197731
222197732
222197733
222197734
222197735
222197736
222197737
222197738
222197739
222197740
222197741
222197742
222197743
222197744
222197745
222197746
222197747
222197748
222197749
222197750
222197751
222197752
222197753
222197754
222197755
222197756
222197757
222197758
222197759
222197760
222197761
222197762
222197763
222197764
222197765
222197766
222197767
222197768
222197769
222197770
222197771
222197772
222197773
222197774
222197775
222197776
222197777
222197778
222197779
222197780
222197781
222197782
222197783
222197784
222197785
222197786
222197787
222197788
222197789
222197790
222197791
222197792
222197793
222197794
222197795
222197796
222197797
222197798
222197799
222197800
222197801
222197802
222197803
222197804
222197805
222197806
222197807
222197808
222197809
222197810
222197811
222197812
222197813
222197814
222197815
222197816
222197817
222197819
222197820
222197821
222197822
222197823
222197824
222197825
222197826
222197827
222197828
222197829
222197830
222197831
222197832
222197833
222197834
222197835
222197836
222197837
222197838
222197839
222197840
339398105
339398133
339398821
339398823
339398826
339399083
339399378
339575490
376706547
