35613746
35613747
35613748
35613749
35613750
35613752
35613753
35613754
35613755
35613756
35613757
35613758
35613759
35613760
35613761
35613762
35613763
35613764
35613765
35613766
35613767
35613768
35613769
35613770
35613771
35613772
35613777
35613780
35613781
35613782
35613783
35613784
35613785
35613786
35613787
39742666
39742667
39742668
39742669
39742670
39742671
39742672
39742673
39742676
39742677
39742678
39742679
45578721
45578722
45578723
45578724
45578725
45578726
45578727
45578728
45578730
45580404
45580405
45580406
45580407
45580408
45580409
45580410
45580411
45580413
45580900
45580901
45580902
45580903
45580905
45580906
45580907
45580908
45580909
45580910
45580911
45585901
45585902
45585903
45585904
45585905
45585906
45585907
45585908
45585909
45585910
45585911
45585912
45585913
45585914
45585915
45585916
45687012
45687014
45687015
45689671
45689673
45689682
45689684
45689685
45689686
45689687
45689689
45689690
45689691
45775997
45775998
45776002
45776003
45776005
45776006
45779207
45779237
45847921
45847922
45848175
45878634
45878636
52491824
52491825
52491826
52491827
52491828
52491829
52491830
52491831
52491832
52491833
52491875
52491876
52491912
52491913
52491941
52491951
52491952
52491953
52491954
52491955
52498883
52498905
52498906
52498907
52498908
52498909
52498910
52498911
52498913
52498940
52498945
52498946
52498947
52498948
52498949
52498950
52498951
52705789
52705799
52705800
52705801
52705802
52705803
52705804
52705805
52705806
52705807
52705808
52705809
52705810
52705813
52705814
52705815
52705816
52705817
52705818
52705819
52705820
52705821
52705822
52705823
52705824
52705825
52705826
52705827
52705828
52705829
52705830
52705831
52705832
52705833
52705834
52705835
52705836
52705837
52705838
52705839
52705840
52705841
52705842
52705843
52705844
52705845
52705846
52705847
52705848
52705849
52705850
52705851
52705852
52705853
52705854
52705855
52705856
52705857
52705858
52705859
52705860
52705861
52705862
52705863
52705864
52705865
52705866
52705867
52705868
52705869
52705870
52705871
52705872
52705873
52705874
52705875
52705876
52705877
52705878
52705879
52705880
52705881
52705882
103513405
103513412
103514034
103514037
103514865
103520645
103521006
103521007
103521008
103521009
103521010
103521011
103521610
103523070
103523071
103523073
103523074
103523125
103523218
103523219
103523220
103523221
103523304
103523310
103523316
103523321
103523420
103523421
103523698
103523700
103523701
103523795
103523965
103523966
103523967
103524654
103524655
103524656
103524657
103524658
103524927
103524938
103525808
103526217
103526218
103526219
103526220
103526221
103526528
103526529
103526639
103526640
103527103
103527105
103527106
103527702
103527708
103527713
103527717
103527733
103527738
103527743
103527746
103528015
103528221
103528789
103528790
103528791
103528792
103528793
103528794
103528946
103529598
103529599
103529600
103529610
103529682
103529683
103529859
190096336
