-2750308
-2323861
-1736521
-1270286
-1270276
-1268458
-223005
-194590
-164399
-163959
-163050
-163049
-163048
36830579
36830581
36830582
36830584
36830585
36830586
36830587
36830588
36830589
36830590
36830591
36830593
36830594
36830595
36830596
36830597
36830598
36830599
36830600
36830601
36830602
36830603
36830604
36830605
36830606
36830607
36830610
36830611
36830613
36830614
36830615
36830617
36830618
36830619
36830621
36830622
36830623
36830626
36830627
36830628
36830629
36830630
36830631
36830632
36830634
36830635
36830636
36830637
36830638
36830639
36830640
36830642
36830644
36830645
36830646
36830647
36830648
36830649
36830650
36830651
36830652
36830653
36830654
36830655
36830656
36830658
36830659
36830661
36861285
36861410
36861412
36861415
36861416
36861417
36861418
36861419
36861420
36861421
36861423
36861424
36861426
36861427
36861428
36861429
36861432
36861433
36861434
36861435
36861436
36861437
36861438
36861439
36861440
36861441
36861443
36861444
36861445
36861447
36861448
36861449
36861450
36861451
36861452
36861454
36861457
36861459
36861460
36861464
36861465
36861466
36861468
36861469
36861470
36861471
36861472
36861473
36861474
36861476
36861477
36861478
36861487
36861489
36861490
36861491
36887969
36888825
36888826
36888828
36888829
36888830
36888831
36888833
36888835
36888837
36888838
36888839
36888840
36888845
36888846
36888848
36888849
36888850
36888851
36888856
36911987
36911990
36911991
36911992
36911994
36911995
36911996
36911998
36911999
36912001
36912003
36912004
36912008
36912009
36912012
36912014
36912015
36912016
36912017
36912018
36912019
36912021
36912022
36912023
36912025
36912027
36912028
36912030
36912032
36943444
36943445
36943446
36943447
36943448
36943449
36943450
36943451
36943453
36943454
36943456
36943457
36943458
36943459
36943461
36943463
36943466
36943470
36943472
36943473
36943474
36943476
36943477
36943478
36943479
36943481
36943482
36943483
36943484
36943485
36943486
36943487
36943489
36943492
36943493
36943494
36943495
36943496
36943498
36943499
36943502
36968273
36968274
36968275
36968277
36968279
36968280
36968282
36968283
36968284
36968285
36968286
36968287
36968288
36968289
36968290
36968291
36968293
36968294
37007895
37007896
37007897
37007898
37007899
37007901
37007902
37007904
37007905
37007906
37007907
37007908
37007909
37007910
37007911
37007912
37007913
37007914
37007915
37007916
37007918
37007920
37007921
37007922
37007924
37007925
37007926
37007927
37007928
37007929
37007930
37007931
37007932
37007933
37007934
37007935
37007936
37007937
37007940
37007941
37075666
37081470
37081471
37081472
37081473
37081474
37081475
37081477
37081478
37081479
37081480
37081481
37081482
37081484
37081486
37081487
37081489
37081490
37081491
37081492
37081494
37081495
37081496
37081497
37081499
37081500
37081501
37081502
38320054
38320055
38320056
38320057
38320058
38833540
38833541
38833544
38833546
38833547
38833549
38833550
38833551
38833552
38833553
38833554
38833555
38833556
38833558
38833561
38833563
38833564
38833565
38833566
38833568
38833569
38833570
38833571
38833572
38833573
38833574
38833575
38833576
38833577
38833580
38833581
38833582
38833583
38833586
38833587
38833588
38833590
38833592
38833593
38833595
38833596
38833597
38833598
38833600
38884320
38884321
38884323
38884324
38884325
38884327
38884328
38884329
38884330
38884331
38884332
38884333
38884334
38884337
38884338
38884339
38884340
38884341
38884342
38884344
38884345
38884346
38884347
39543707
39543708
39543709
39543710
39543711
39543712
39543713
39543714
39543715
39543716
39543717
39543718
39543720
39543722
39543723
39543724
39543725
39543726
39543728
39543729
39543731
39543732
39543733
39543734
39543735
39543736
39543737
39543738
39543739
39543740
39543741
39543742
39543743
39543745
39543746
39543747
39543748
39543749
39543750
39543751
39624520
39624522
39624523
39624524
39624525
39624526
39624527
39624528
39624530
39624532
39624533
39624534
39624535
39624536
39624537
39624538
39624539
39624541
39624542
39624543
39624544
39624546
39624547
39624548
39624551
39624552
39624553
39624554
39624555
39624556
39624557
39624558
39624559
39624560
39624561
39624562
39624563
39624564
39624566
39624567
39624568
39624569
39624570
39624571
39624572
39624573
39624574
39624575
39624577
39624578
39624579
39734659
39734661
39734662
39734663
39734664
39734665
39734666
39734667
39734668
39734670
39734671
39734672
39734674
39734675
39734676
39734677
39734679
39734680
39734681
39734682
39734683
39734686
39734687
39734688
39734690
39734691
39734692
39734693
39734695
39734696
39734697
39734698
39734699
39734700
39734701
39734703
39734704
39734705
39734706
39734707
39734709
39734710
39734711
39734713
39734716
39734718
39734719
39734720
39734724
47574266
47574267
47574268
47574269
47574270
47574271
47574272
47574273
47574274
47574275
47574276
47574277
47574278
47574279
47574280
47574281
47574284
47574285
47574286
47574288
47574289
47574290
47574291
47574292
47574293
47574295
47574296
47574297
47574298
47574299
47574300
47574301
47574302
47574303
47574305
47574306
47574307
47574311
47575602
47575603
47575604
47575609
47575610
47575611
47575612
47575613
47575614
47575615
47575616
47575617
47575618
47575621
47575622
47575623
47575624
47575625
47575628
47575629
47575630
47575631
47575632
47575633
47575634
47575635
47575636
47576082
47576084
47576085
47576086
47576088
47576089
47576090
47576091
47576092
47576094
47576095
47576096
47576097
47576098
47576099
47576100
47576101
47576102
47576103
47576104
47576105
47576106
47576107
47576109
47576110
47576111
47576112
47577141
47577142
47577146
47577148
47577149
47577152
47577153
47577154
47577155
47577156
47577157
47577158
47577160
47577161
48172606
50184526
50184530
50184532
50184533
50184534
50184535
50184538
50184539
50184540
50184541
50184545
50184546
50184547
50184548
50184549
50184550
50184552
51407464
51408075
51408076
51411274
51411280
51411291
51411302
51411313
51411324
51411325
51414654
52761592
53824875
55058471
55058472
55058557
55058558
55058559
55691581
55696060
55696200
55696339
55696367
55696402
55696514
55696638
55696663
55696670
55696697
55701318
55728987
55728988
55728990
55728991
55728992
55728993
55728994
55728995
55728997
55728998
55728999
55729000
55729001
55729003
55729004
55729005
55729006
55729007
55729008
55729009
55729010
55729011
55729016
55729019
55729020
55729021
55729022
55729023
55729024
55729027
55729028
55729029
55729030
55729031
55729032
55729036
55729118
55783159
55783203
55783222
55783223
55783256
55783258
55783259
55783260
55783261
55783268
55783384
55783385
55783388
55783392
55783719
55783729
55783925
55783926
55783927
55783937
55783939
55783975
55783976
55783977
55783978
55783990
55784038
55784039
55784040
55784041
55784105
55784106
55784150
55784151
55784153
55784154
55784439
55784440
55784441
55784442
55784443
55784444
55784445
55784446
55784447
55784448
55784449
55784451
55784452
55784453
55784469
55784470
55785092
55785204
55785238
55814561
55814562
55814565
55814568
55814751
56072038
56072062
56143252
56143643
56143644
56143645
56178486
56178487
56178488
56178489
56178490
56236908
56237526
56237527
56237530
56237532
56237584
56237599
56472317
56472339
56472444
56472465
56675130
56675176
56675177
56755199
56755213
56755240
56755365
56755366
56755390
56756617
56756624
56757084
56757125
56757126
56757132
56757133
56757368
56757728
56757730
56757749
57014926
57014964
57032763
57032764
57032766
57032767
57032769
57032773
57032775
57032777
57032778
57032780
57032782
57032783
57032785
57032786
57032787
57032804
57032812
57032823
57032842
57032855
57032864
57032877
58097832
58232733
58414563
60443050
60443080
61717814
61718298
61718598
61718633
61718634
61718635
61718636
61718677
61718678
61719298
61719843
61719874
61720465
61720466
61720652
64698047
64724834
66840893
70241376
71503085
71503104
71774339
71813173
71823353
75806009
75806015
75806019
75806070
75806091
75806095
75806112
75806115
75806129
77352775
77352776
77354011
77354012
77354013
77364917
77365529
77365530
77365531
77365532
77365534
77365535
77382992
77454491
77457173
77464942
77464943
77464947
77464948
77465078
77620719
77620722
77620723
77620730
77623023
77623026
77623030
77623038
77623064
77626002
77626275
77626276
77722947
77723788
77723834
77723835
77723836
77723964
77742767
77742778
77743294
77746814
77746815
77746864
78301303
78305280
78394430
78394526
79057985
79619753
80574414
80678170
80721181
81367609
81609356
81609357
82604976
83341737
83477349
84657991
84658007
84658422
84865152
84883300
84883467
84890623
84890668
84950741
84955990
84956024
84956141
84956404
84956734
84957436
84958475
84958921
85032897
85033025
85044251
85044568
85044624
85057014
85106558
85136471
85137219
85145238
85145242
85145253
85145258
85146350
85146352
85146354
85146472
85161657
85162070
86321310
86322454
86498757
86579821
86579844
86579862
86580053
86580188
86580197
86585392
86612005
89761592
93089067
94692973
94941641
95829190
95829191
95831137
96051581
96173187
96173188
96173189
96173190
96173191
96173192
96173193
96173194
96173195
96173196
96174330
96294304
97068063
97974099
97974102
97974103
97974107
97974110
97974111
98231235
106081305
106081681
106082157
116722672
116798704
118710018
122442715
125591026
129189084
129495510
129495511
129495888
129496373
129497709
129499000
129501334
129502238
129834210
129834212
129834213
129834624
129834625
129834947
129834948
130123490
132107815
132626711
132767132
132767399
132998962
132998963
132998964
132998965
132998966
132998967
132998968
132998969
132998971
132998972
132998973
133750246
133882307
135519538
135672748
136570538
136596347
136596348
136596349
136596350
136596351
136596352
136596353
136596354
136596355
136596356
137122507
137122508
137122509
137122510
137125994
137187244
137187898
137187909
137187910
137187914
137187915
137187916
137188898
137188901
137188902
137188904
137188905
137188907
137188908
137188909
137188910
137188911
137188912
137188914
137189510
137190422
137190423
137190424
137214229
137218084
137218086
137218594
137301083
137301084
137301523
137303683
137373513
137375671
137375677
137375681
137375686
137375744
137375803
137379489
137384250
137384254
137396284
137396286
137419309
138109650
141179337
141515646
151714796
151717619
151717620
151717622
151717623
151717624
151717625
151717626
151717627
151717628
151717629
151717630
151717631
151717632
151717633
151717634
151717635
151717636
151721742
151725025
151734872
152178241
152296160
152347213
152347214
152347218
152347219
152347224
152347225
152347226
152347228
152347230
152347232
152347235
152347237
152347239
152347240
152347242
152347245
152347246
152347249
152347250
152347252
152347253
152347256
152347257
152347258
152347260
152347262
152347263
152347264
152347265
152347267
152347270
152347271
152347273
152347276
152347277
152347278
152347281
152347282
152347284
152347286
152347288
152347289
152350616
152350617
164600129
167350581
167350593
167350597
167350604
167352077
167352086
167562365
167562367
167562369
171047982
172373809
172373810
172673631
172673632
172673633
172673634
172673635
172673636
172673637
172673638
172673639
172673640
172673641
172673642
172673643
172761143
172761184
172761187
172762708
172762709
172762710
172763565
172763569
172763571
173498661
173498666
173523021
173523022
173523023
173523024
173523025
173523026
173523027
173523028
173523029
173523030
173523031
173523033
173523034
173523036
173523037
173523038
173523040
173523041
173523046
173523047
173523049
173523050
173523052
173523053
173523054
173523069
173564939
173724897
173737749
173739074
173765828
173836907
173836913
173836914
173836916
173836923
173836925
173836928
173836934
173836935
173994006
173994007
173994008
173994009
173994010
173994017
173994018
173994019
174378358
174378359
174378360
174378361
174378362
174498985
174505916
174505920
174505921
174531681
174531684
174670313
174670314
174670316
174670318
174670327
174670333
174670336
174670337
174670342
174670345
174670347
174670348
174670356
174670359
174670365
174670368
174670378
174670379
174670388
174670390
174670392
174670394
174670405
174670410
174670412
174670413
174670417
174670418
174670420
174670422
174670425
174670426
174670431
174670434
174670435
174670440
174670441
174696102
174696104
174855879
174855883
174855886
174855888
174855896
174855898
174855900
174997073
174997075
175271828
175311687
175340059
175340061
175340063
175508953
175508954
175508955
175508956
175508957
175508958
175508959
175508960
175508963
175583652
175583654
175594041
175594042
175594043
175614576
175653399
175653400
175653401
175653402
175653408
175653409
175653410
175653411
175653412
175653413
175918631
175918635
175934376
175934377
175934378
176075586
176248555
176248556
176248558
176248561
176248564
176571166
176571167
176571168
176571169
176571173
176571174
176571176
176571177
176661121
176661122
176661125
176661126
176686824
176686825
176868420
176868421
176868422
177040978
177040981
177040984
177040987
177040989
177040990
177040991
177040994
177040995
177040996
177041000
177041001
177041008
177041037
177041039
177201469
177201470
177217196
177217197
177217198
177217202
177217261
181460033
181460034
181460035
181460036
181460037
181460038
181460040
181460041
181460042
181460043
181460044
181460045
181460046
181460162
181623566
181831090
181831093
181831101
181831103
181831104
181831113
181831116
181831117
181831124
181831126
181831128
181831137
181831143
181831146
181831148
181831150
181831153
181831155
181831156
181831159
181831162
181831169
181831172
181831173
181831176
181831178
181831180
181831184
181831185
181831187
181831190
181831199
181831200
181831201
181831202
181831203
181831210
181831212
181831214
182442113
182442114
182490589
182490594
182490596
182490597
182490600
182490601
182522831
182522836
182522838
182775332
182775333
182920589
182920590
182920591
182920597
182920598
183060795
183060796
183060797
183210477
183210480
183776238
183776239
183776240
183776243
183776244
183776245
184004016
184004017
184004018
184004019
184004022
184004025
184004028
184004030
184004032
184004033
184004036
184004038
184004039
184004040
184004042
184004043
184004045
184004049
184004050
184004051
184004053
184004054
184004056
184004058
184004061
184004062
184004064
184004065
184004067
184004069
184004074
184004075
184004076
184004078
184004079
184004081
184004083
184004087
184004088
184004089
184004091
184004093
184004095
184004096
184004097
184004098
184004099
184004100
184004101
184004102
184004104
184004105
184004106
184004107
184004108
184004109
184004110
184004111
184004112
184004113
184004114
184004115
184004116
184004117
184004118
184004119
184004120
184004121
184004122
184004123
184004124
184004126
184004127
184004128
184004129
184004130
184004131
184004132
184004133
184004134
184004135
184066759
184066760
184066762
184066767
184066769
184066770
184066773
184066774
184066776
184430047
184607566
184607569
184607570
184607571
184607572
184607573
184607574
184607575
184607576
184607577
184607579
184607581
184607582
184607583
184607585
184607586
184607587
184607588
184607589
184607590
184607591
184607592
184607593
184607594
184607595
184607596
184607597
184607598
184607599
184607601
184607603
184607605
184607607
184607609
184607610
184607612
184607754
184648669
184648670
184648674
185853886
187197034
189986563
189986575
189986577
189986579
189986586
189986587
189986953
189989329
189989330
189989331
189989332
189989334
189989335
189989336
189989337
189989338
189989339
189989340
189989342
189989344
189989345
189989347
189989349
189989350
189989351
189989352
189989353
189989354
189990278
189990279
189990280
189990281
189990282
189990313
190952621
190952623
190952624
190952626
190952627
190952629
190952630
191350364
191350710
191350711
191350712
191350713
191350714
191350715
191351862
191588930
191741004
191741005
191859813
191859814
191859862
192333548
192333549
192661592
192661629
192661666
193346087
193346092
193346093
193346099
193382404
193382407
193382408
193384708
193384709
193384712
193384714
193384716
193384723
193384725
193384727
193384733
193384735
193384741
193384743
193384745
193384752
193384754
193384755
193384757
193384759
193384761
193384763
193384765
193384769
193384771
193384773
193384778
193384780
193384781
193391932
193391934
193391936
193391938
193391940
193391941
193391942
193391943
193391944
193391945
193391946
193391947
193391948
193391949
193391950
193391951
193391952
193391953
193391954
193391955
193391956
193391957
193391958
193391960
193391961
193391962
193391965
193391966
193391967
193391969
193391971
193391974
193391976
193391985
193391986
193391988
193391989
193391990
193391991
193391992
193391993
193391994
197960142
197960143
198636959
200759470
200759472
200759475
200759477
200759479
200759481
200759485
200759487
200759489
200759490
200759492
201555191
201797834
201797835
201797836
201797837
201797839
201797840
201797841
201797842
201797843
201797844
201797845
201797846
201797847
201797848
201797849
201797850
201797851
201797852
201797853
201797854
201797855
201797856
201797857
201797858
201797859
201797860
201797861
201797862
201797863
201797864
201797865
201797866
201797867
201797868
201797869
201797870
201797871
201797872
201797873
203571972
203571973
203571975
203572942
203572943
203572944
203572945
203572948
203572949
203572950
203572951
203572952
203572954
203573313
204012957
204562151
204885459
206436416
207002679
215248914
222702084
222702085
223053158
223053161
227106401
227106402
227106403
227106404
228253051
228253052
231427668
231432833
231535091
231847417
232065736
232065737
232561960
233039063
233039064
233039065
233039066
233039067
233039068
233988201
233988202
233988203
233988204
233988206
233988207
233988208
233988209
233988210
233988211
233991264
233996100
233999102
234000012
234018670
234018671
234018672
234018673
234018674
234018677
234018678
234018679
234019246
234019248
234019250
234024937
234024938
234024939
234024941
234024942
234024943
234024945
234024946
234024947
234024948
234024949
234024950
234024951
234024952
234024953
234024954
234024955
234024957
234024958
234024959
234024960
234024962
234024963
234024964
234024965
234024966
234024967
234024968
234024970
234024971
234024972
234024973
234024974
234026077
234026078
234026079
234026080
234026082
234026083
234026084
234026086
234026087
234026088
234026090
234026091
234027973
234027974
234027975
234027977
234027978
234027979
234027980
234027981
234027982
234027983
234027984
234027985
234027986
234027987
234027988
234027989
234029256
234029257
234029771
234038827
234038829
234038831
234038832
234038834
234038836
234039018
234039019
234039020
234062760
234062761
234062762
234062763
234062764
234062765
234062767
234062768
234472069
234472070
234472071
234472072
234472347
234513635
234515341
234515342
234515344
234522421
234522422
234522423
234522955
234523717
234523718
234523719
234523720
234524202
234524203
234541385
234541386
234541387
234541388
234541390
234541391
234541392
234541393
234541394
234541395
234541397
234541399
234541400
234541401
234541402
234541403
234541405
234541406
234541408
234541409
234541410
234541411
234541412
234541413
234541415
234541417
234542970
234542971
234542972
234542973
234542976
234542977
234542978
234542979
234542980
234542981
234542983
234542984
234542985
234542989
234542990
234543538
234543539
234543540
234543541
234543542
234543543
234543545
234543546
234543547
234587810
234587811
234587812
234742497
234742499
234742500
234784112
234784113
234784730
234784732
234784733
234784958
234784959
234785190
234785191
234785192
234796946
234797120
234797274
234797888
234798589
234856314
234856315
234856316
234856317
234856318
234856439
234856440
234856441
234856683
234856684
234856999
234857000
234857001
234857002
234857003
234857004
234857007
234857835
234857836
234857837
234857838
234857839
234857841
234857844
234857847
234857848
234857849
234857851
234857852
234857854
234857856
234857857
234857858
234857859
234858142
234858143
234858144
234858146
234858147
234858148
234858149
234858150
234858153
234858154
234858155
234858156
234858157
234858158
234858159
234858160
234858247
234858249
234858250
234858251
234858252
234858253
234858254
234858255
234863814
234863815
234863816
234863817
234864975
234864981
234864982
234864984
234870713
234870721
234870732
234875275
234875276
234875277
234875282
234875285
234875287
234875288
234875289
234875290
234875291
234875292
234875295
234875296
234875300
234875305
234875306
234875308
234875310
234875311
234875312
234875318
234875320
234875323
234875324
234875325
234876118
234876119
234876120
234876121
234876122
234876123
234876124
234876125
234876126
234876127
234876128
234876129
234876130
234876131
234876132
234876133
234876134
234876135
234876136
234876137
234876428
234876432
234900332
234900333
234909641
234909642
234911122
234911125
234911126
234911128
234911220
234911221
234911222
234911223
234911224
234911927
234956394
234956396
234956400
234956404
234956406
234957226
234957227
234957331
235486326
235486327
235486328
235486330
235486331
235486333
235486335
235486337
235486339
235486342
235486345
235486346
235486351
235486352
235486355
235486359
235532723
235532741
235778742
235778743
235778745
235778747
235778748
235778749
235778750
235778751
235778755
235778759
235778760
235778761
235778762
235778765
235778766
235778767
235778768
235778771
235778773
235778774
235778775
235778777
235778779
235778781
235778785
235778787
235778788
235778789
235778791
235778792
235778793
235778794
235778795
235778796
235778799
235794110
235890746
235922931
236374708
236374709
236425836
236426044
236426045
236428320
236431359
236739208
242103772
251203280
251203281
251203282
251203283
251203284
251203285
251203286
251203287
251203288
251203289
251203290
251203291
251203292
251203293
251203294
251203295
251720770
252475549
253458615
253458616
253458617
253458618
254565750
260773456
262266841
265062491
266010435
266010438
270335891
270335892
272633747
272633748
272633749
272640536
272640537
272646975
272646976
272646977
272646978
272646979
272646980
272646981
272646982
272646983
272646984
272646985
272649071
272653210
272653211
272653213
272654381
272654382
272849997
272863817
272863821
272863825
272863828
272875381
272893715
272893716
272893717
272893718
272905024
272908261
273123524
273123525
273123526
273123527
273123528
273825870
273959717
273959719
275482924
275482927
282265434
282436082
282436084
282436086
282436088
282436089
282436091
282436092
282436094
282436096
282436098
282436911
282436912
282436913
282436914
282436915
282436916
282436917
282436918
282436919
282436920
282436921
282436923
294883059
294883060
294883061
294883062
294883063
294883064
294883065
294883066
294883067
294883068
294883069
294883070
294883071
294883072
294883073
301837424
302708362
302708364
302708739
302708740
302708745
302708747
302723050
302723069
302723070
307626933
307626934
307628015
307628812
307628813
307628814
307628816
307628817
313156347
313156349
313835109
313835110
313835116
313835117
313835120
314235880
314243992
314246373
314247258
314247259
314247700
315280172
316499949
317894576
318077217
326799184
327947342
328374034
329837897
332232043
344828465
345319254
351392640
351484053
356572351
356572352
356572353
359586247
367085830
368047927
368055179
368055180
368055181
